1118026700
1118026729
1118027188
1118027243
1118027261
1118027276
1118027662
1118027834
1118027941
1118028027
1118028038
1118028201
1118028376
1118028657
1118028681
1118028828
1118028833
1118028887
1118028891
2162667
1118022146
1118025212
1117984105
1117960588
1118009739
1118000814
1118020225
1118003709
1118017586
1118025956
2164100
2165052
2165301
1116898892
1118023904
1117980907
1117990944
1117961954
1117982053
1118018461
1118018714
1118031991
1116884561
1117995368
2170124
1117975249
1118028777
1117977340
1118028048
1118009703
